Model: 87c16f17-91c5-4ec2-943a-54d8e35b230d
{
    "COIN_COLLECTED": 31.45721999278504,
    "MOVED_UP": 41.9646905436764,
    "MOVED_DOWN": 0.5230201858891412,
    "MOVED_LEFT": -85.55346917558903,
    "MOVED_RIGHT": 73.68684889983476,
    "INVALID_ACTION": -55.58655362793031,
    "WAITED": -62.813342973349904,
    "APPROACH_COIN": -13.354627328162579,
    "MOVED_AWAY_FROM_COIN": -12.033051389471298,
    "WIGGLE": -8.521785399876439,
    "SURVIVED_ROUND": 66.2992457017359
}

Model: d73c4f36-709d-4544-aa95-590d3e7a7ab7
{
    "COIN_COLLECTED": 29.349465076952768,
    "MOVED_UP": 36.34437538048581,
    "MOVED_DOWN": 9.378057290757354,
    "MOVED_LEFT": -82.85297444560558,
    "MOVED_RIGHT": 76.7575880784191,
    "INVALID_ACTION": -51.73845238287833,
    "WAITED": -62.9843509833163,
    "APPROACH_COIN": -12.571491128929328,
    "MOVED_AWAY_FROM_COIN": -10.479611916094704,
    "WIGGLE": -9.043121388012732,
    "SURVIVED_ROUND": 66.84681055010476
}

Model: 9241e7a4-ef2e-493a-a6f9-8a9d25b7eb74
{
    "COIN_COLLECTED": 41.14884075499588,
    "MOVED_UP": 41.13228019484387,
    "MOVED_DOWN": 27.405091463721522,
    "MOVED_LEFT": -95.23445996406434,
    "MOVED_RIGHT": 74.03130373831479,
    "INVALID_ACTION": -52.8847953861879,
    "WAITED": -61.79669006354871,
    "APPROACH_COIN": -10.565912234885769,
    "MOVED_AWAY_FROM_COIN": -3.864260556790449,
    "WIGGLE": -11.839027694383043,
    "SURVIVED_ROUND": 65.06862115462819
}

Model: 57205dfe-cd3d-4487-97a4-428f16ceae84
{
    "COIN_COLLECTED": 44.10266456537594,
    "MOVED_UP": 30.89422509562145,
    "MOVED_DOWN": 9.379934390070792,
    "MOVED_LEFT": -82.56718823943245,
    "MOVED_RIGHT": 50.76718065514267,
    "INVALID_ACTION": -55.03163893321721,
    "WAITED": -62.37150845086917,
    "APPROACH_COIN": -13.528819486837024,
    "MOVED_AWAY_FROM_COIN": -9.149764719463668,
    "WIGGLE": -4.848236701750038,
    "SURVIVED_ROUND": 67.38055520546747
}

python tools/reward_evolution.py  105289.34s user 308.20s system 776% cpu 3:46:46.81 total
